Infer gene regulatory network with available techniques: 
	- ARACNE:	0 days 00:00:00.268037967
	- BC3NET:	0 days 00:00:04.586963883
	- C3NET:	0 days 00:00:00.423828937
	- CLR:	0 days 00:00:00.234383624
	- GENIE3_RF:	0 days 00:00:14.071827186
	- GRNBOOST2:	0 days 00:00:03.798580723
	- GENIE3_ET:	0 days 00:00:11.865073548
	- MRNET:	0 days 00:00:00.637028386
	- MRNETB:	0 days 00:00:00.275490900
	- PCIT:	0 days 00:00:13.399326208
	- TIGRESS:	0 days 00:00:15.704538633
	- KBOOST:	0 days 00:00:00.302068807
	- MEOMI:	0 days 00:00:09.005435196
	- JUMP3:	0 days 00:00:41.052585703
	- NARROMI:	0 days 00:00:11.134191675
	- CMI2NI:	0 days 00:00:25.038476344
	- RSNET:	0 days 00:00:12.085944764
	- PCACMI:	0 days 00:00:07.538647885
	- LOCPCACMI:	0 days 00:00:07.980018258
	- PLSNET:	0 days 00:00:09.508566981
	- PIDC:	0 days 00:00:09.322196114
	- PUC:	0 days 00:00:09.861195268
	- GRNVBEM:	0 days 00:00:06.275294721
	- LEAP:	0 days 00:00:00.305406249
	- NONLINEARODES:	0 days 00:00:01.543681868
	- INFERELATOR:	0 days 00:08:30.073340950

