Infer gene regulatory network with available techniques: 
	- ARACNE:	0 days 00:00:00.276770608
	- BC3NET:	0 days 00:00:21.357060650
	- C3NET:	0 days 00:00:00.415694182
	- CLR:	0 days 00:00:00.265807703
	- GENIE3_RF:	0 days 00:00:09.470332312
	- GRNBOOST2:	0 days 00:00:04.227709076
	- GENIE3_ET:	0 days 00:00:07.803915155
	- MRNET:	0 days 00:00:00.555722920
	- MRNETB:	0 days 00:00:00.278667515
	- PCIT:	0 days 00:00:14.165610763
	- TIGRESS:	0 days 00:00:08.117931970
	- KBOOST:	0 days 00:00:00.321070031
	- MEOMI:	0 days 00:00:14.311743025
	- JUMP3:	0 days 00:00:43.272118496
	- NARROMI:	0 days 00:00:10.989374279
	- CMI2NI:	0 days 00:00:06.107415309
	- RSNET:	0 days 00:00:12.651337742
	- PCACMI:	0 days 00:00:06.449859174
	- LOCPCACMI:	0 days 00:00:07.410003538
	- PLSNET:	0 days 00:00:08.389755052
	- PIDC:	0 days 00:00:14.236555410
	- PUC:	0 days 00:00:09.830040782
	- GRNVBEM:	0 days 00:00:06.418412571
	- LEAP:	0 days 00:00:00.385292486
	- NONLINEARODES:	0 days 00:00:01.344006311
	- INFERELATOR:	0 days 00:06:55.144243464

