Infer gene regulatory network with available techniques: 
	- ARACNE:	0 days 00:00:00.277913839
	- BC3NET:	0 days 00:00:04.121687585
	- C3NET:	0 days 00:00:00.391416552
	- CLR:	0 days 00:00:00.267767172
	- GENIE3_RF:	0 days 00:00:32.726757523
	- GRNBOOST2:	0 days 00:00:06.207074780
	- GENIE3_ET:	0 days 00:00:25.917956030
	- MRNET:	0 days 00:00:00.279225261
	- MRNETB:	0 days 00:00:00.540552536
	- PCIT:	0 days 00:00:13.124668482
	- TIGRESS:	0 days 00:00:41.055614060
	- KBOOST:	0 days 00:00:00.399573963
	- MEOMI:	0 days 00:00:23.293142591
	- NARROMI:	0 days 00:00:08.355931386
	- CMI2NI:	0 days 00:00:30.594831966
	- RSNET:	0 days 00:00:08.492235236
	- PCACMI:	0 days 00:00:09.270787055
	- LOCPCACMI:	0 days 00:00:14.186448913
	- PLSNET:	0 days 00:00:14.666903659
	- PIDC:	0 days 00:00:11.101226454
	- PUC:	0 days 00:00:13.210989276
	- GRNVBEM:	0 days 00:00:11.390789992
	- LEAP:	0 days 00:00:00.331915705
	- NONLINEARODES:	0 days 00:00:03.663447846
	- INFERELATOR:	0 days 00:07:59.640068312

