Infer gene regulatory network with available techniques: 
	- ARACNE:	0 days 00:00:00.261341003
	- BC3NET:	0 days 00:00:21.535112293
	- C3NET:	0 days 00:00:00.370514885
	- CLR:	0 days 00:00:00.266181600
	- GENIE3_RF:	0 days 00:00:09.474887623
	- GRNBOOST2:	0 days 00:00:03.963323583
	- GENIE3_ET:	0 days 00:00:07.726671030
	- MRNET:	0 days 00:00:00.550475272
	- MRNETB:	0 days 00:00:00.280929149
	- PCIT:	0 days 00:00:14.105166563
	- TIGRESS:	0 days 00:00:08.124692229
	- KBOOST:	0 days 00:00:00.336401671
	- MEOMI:	0 days 00:00:14.303566811
	- JUMP3:	0 days 00:00:47.832910121
	- NARROMI:	0 days 00:00:10.683572866
	- CMI2NI:	0 days 00:00:06.139494992
	- RSNET:	0 days 00:00:12.639622473
	- PCACMI:	0 days 00:00:06.342926224
	- LOCPCACMI:	0 days 00:00:07.424739897
	- PLSNET:	0 days 00:00:08.627964705
	- PIDC:	0 days 00:00:14.183235492
	- PUC:	0 days 00:00:09.534736252
	- GRNVBEM:	0 days 00:00:06.477597022
	- LEAP:	0 days 00:00:00.362994266
	- NONLINEARODES:	0 days 00:00:01.303312969
	- INFERELATOR:	0 days 00:07:01.887465351

