Infer gene regulatory network with available techniques: 
	- ARACNE:	0 days 00:00:00.337010737
	- BC3NET:	0 days 00:00:36.432757226
	- C3NET:	0 days 00:00:00.887860690
	- CLR:	0 days 00:00:00.361828801
	- GENIE3_RF:	0 days 00:01:50.456457031
	- GRNBOOST2:	0 days 00:00:18.197571375
	- GENIE3_ET:	0 days 00:01:35.150394729
	- MRNET:	0 days 00:00:00.348875010
	- MRNETB:	0 days 00:00:00.383295360
	- PCIT:	0 days 00:00:09.246517416
	- KBOOST:	0 days 00:00:02.016940846
	- MEOMI:	0 days 00:06:01.246486116
	- NARROMI:	0 days 00:00:17.634815205
	- RSNET:	0 days 00:00:15.339515611
	- PCACMI:	0 days 00:01:50.281929040
	- PLSNET:	0 days 00:02:59.333076370
	- PIDC:	0 days 00:00:10.121297565
	- PUC:	0 days 00:00:08.753244091
	- LEAP:	0 days 00:00:01.110725815
	- INFERELATOR:	0 days 00:08:22.322816024

