Infer gene regulatory network with available techniques: 
	- ARACNE:	0 days 00:00:00.331954143
	- BC3NET:	0 days 00:00:34.215901994
	- C3NET:	0 days 00:00:00.894394687
	- CLR:	0 days 00:00:00.347280143
	- GENIE3_RF:	0 days 00:01:51.378795098
	- GRNBOOST2:	0 days 00:00:19.917358229
	- GENIE3_ET:	0 days 00:01:35.884527738
	- MRNET:	0 days 00:00:00.364344679
	- MRNETB:	0 days 00:00:00.407782956
	- PCIT:	0 days 00:00:09.280491485
	- KBOOST:	0 days 00:00:02.144637050
	- MEOMI:	0 days 00:12:47.216242139
	- NARROMI:	0 days 00:00:26.470400030
	- RSNET:	0 days 00:00:17.378096263
	- PCACMI:	0 days 00:06:43.094227948
	- PLSNET:	0 days 00:03:03.089659797
	- PIDC:	0 days 00:00:10.072836535
	- PUC:	0 days 00:00:08.845176633
	- LEAP:	0 days 00:00:01.051819495
	- INFERELATOR:	0 days 00:08:08.928305086

