Infer gene regulatory network with available techniques: 
	- ARACNE:	0 days 00:00:00.343381839
	- BC3NET:	0 days 00:00:34.325146954
	- C3NET:	0 days 00:00:00.901004814
	- CLR:	0 days 00:00:00.332292114
	- GENIE3_RF:	0 days 00:01:50.655392395
	- GRNBOOST2:	0 days 00:00:19.209228427
	- GENIE3_ET:	0 days 00:01:36.258611570
	- MRNET:	0 days 00:00:00.408001103
	- MRNETB:	0 days 00:00:00.404553269
	- PCIT:	0 days 00:00:09.239597649
	- KBOOST:	0 days 00:00:02.010135462
	- MEOMI:	0 days 00:03:46.338023437
	- NARROMI:	0 days 00:00:14.261509878
	- RSNET:	0 days 00:00:12.993450731
	- PCACMI:	0 days 00:00:07.753683934
	- PLSNET:	0 days 00:03:02.997471801
	- PIDC:	0 days 00:00:10.396498969
	- PUC:	0 days 00:00:08.772072906
	- LEAP:	0 days 00:00:01.069095869
	- INFERELATOR:	0 days 00:08:22.562148808

