Infer gene regulatory network with available techniques: 
	- ARACNE:	0 days 00:00:00.305378289
	- BC3NET:	0 days 00:00:09.467289049
	- C3NET:	0 days 00:00:00.644814415
	- CLR:	0 days 00:00:00.308585348
	- GENIE3_RF:	0 days 00:01:21.652900710
	- GRNBOOST2:	0 days 00:00:13.605528583
	- GENIE3_ET:	0 days 00:00:46.607430268
	- MRNET:	0 days 00:00:00.314421926
	- MRNETB:	0 days 00:00:00.629523696
	- PCIT:	0 days 00:00:12.600175503
	- TIGRESS:	0 days 00:00:56.469665634
	- KBOOST:	0 days 00:00:02.137370117
	- MEOMI:	0 days 00:01:12.461650095
	- NARROMI:	0 days 00:00:13.266874140
	- CMI2NI:	0 days 00:00:17.801070107
	- RSNET:	0 days 00:00:12.489134222
	- PCACMI:	0 days 00:00:08.450613420
	- LOCPCACMI:	0 days 00:00:23.957957044
	- PLSNET:	0 days 00:00:37.623996858
	- PIDC:	0 days 00:00:10.795927487
	- PUC:	0 days 00:00:13.934421447
	- GRNVBEM:	0 days 00:01:15.570635017
	- LEAP:	0 days 00:00:03.470146396
	- NONLINEARODES:	0 days 00:00:20.078832894
	- INFERELATOR:	0 days 00:03:34.966653116

