Infer gene regulatory network with available techniques: 
	- ARACNE:	0 days 00:00:00.270563857
	- BC3NET:	0 days 00:00:22.010998104
	- C3NET:	0 days 00:00:00.371857886
	- CLR:	0 days 00:00:00.269534270
	- GENIE3_RF:	0 days 00:00:09.256659750
	- GRNBOOST2:	0 days 00:00:04.170240673
	- GENIE3_ET:	0 days 00:00:07.857400586
	- MRNET:	0 days 00:00:00.546956299
	- MRNETB:	0 days 00:00:00.275261877
	- PCIT:	0 days 00:00:14.362274190
	- TIGRESS:	0 days 00:00:08.103569025
	- KBOOST:	0 days 00:00:00.425574239
	- MEOMI:	0 days 00:00:15.218724869
	- JUMP3:	0 days 00:00:41.483396159
	- NARROMI:	0 days 00:00:11.048463366
	- CMI2NI:	0 days 00:00:06.149135705
	- RSNET:	0 days 00:00:12.962011509
	- PCACMI:	0 days 00:00:06.334011179
	- LOCPCACMI:	0 days 00:00:07.394248376
	- PLSNET:	0 days 00:00:08.894671811
	- PIDC:	0 days 00:00:14.994606611
	- PUC:	0 days 00:00:09.891305544
	- GRNVBEM:	0 days 00:00:06.414357316
	- LEAP:	0 days 00:00:00.372487884
	- NONLINEARODES:	0 days 00:00:01.216553523
	- INFERELATOR:	0 days 00:07:03.208355187

