Infer gene regulatory network with available techniques: 
	- ARACNE:	0 days 00:00:00.271326755
	- BC3NET:	0 days 00:00:04.640830305
	- C3NET:	0 days 00:00:00.396177237
	- CLR:	0 days 00:00:00.270875203
	- GENIE3_RF:	0 days 00:00:32.389763392
	- GRNBOOST2:	0 days 00:00:05.482255870
	- GENIE3_ET:	0 days 00:00:25.878371427
	- MRNET:	0 days 00:00:00.331673070
	- MRNETB:	0 days 00:00:00.548535584
	- PCIT:	0 days 00:00:12.186738291
	- TIGRESS:	0 days 00:00:41.398007385
	- KBOOST:	0 days 00:00:00.357030466
	- MEOMI:	0 days 00:00:26.044175554
	- NARROMI:	0 days 00:00:08.423862794
	- CMI2NI:	0 days 00:00:10.500798658
	- RSNET:	0 days 00:00:08.403817009
	- PCACMI:	0 days 00:00:07.032990764
	- LOCPCACMI:	0 days 00:00:09.149294576
	- PLSNET:	0 days 00:00:14.334349098
	- PIDC:	0 days 00:00:10.213481770
	- PUC:	0 days 00:00:13.350004018
	- GRNVBEM:	0 days 00:00:12.893337911
	- LEAP:	0 days 00:00:00.326335891
	- NONLINEARODES:	0 days 00:00:03.806314179
	- INFERELATOR:	0 days 00:03:05.785216036

