Infer gene regulatory network with available techniques: 
	- ARACNE:	0 days 00:01:40.313666719
	- BC3NET:	0 days 07:25:38.550945960
	- C3NET:	0 days 00:04:06.742789616
	- CLR:	0 days 00:01:21.090951262
	- MRNET:	0 days 00:01:43.920800986
	- MRNETB:	0 days 00:03:04.338518790
	- PCIT:	0 days 00:20:42.943517359
	- KBOOST:	0 days 10:24:50.953845425
	- NARROMI:	0 days 23:05:26.052029824
	- RSNET:	0 days 10:15:18.834316601
	- LEAP:	0 days 00:56:30.486678693

