Infer gene regulatory network with available techniques: 
	- ARACNE:	0 days 00:00:00.288799113
	- BC3NET:	0 days 00:00:06.768360817
	- C3NET:	0 days 00:00:00.481600872
	- CLR:	0 days 00:00:00.300237391
	- GENIE3_RF:	0 days 00:01:10.877714573
	- GRNBOOST2:	0 days 00:00:10.645071383
	- GENIE3_ET:	0 days 00:00:53.577733097
	- MRNET:	0 days 00:00:00.306244008
	- MRNETB:	0 days 00:00:00.614813470
	- PCIT:	0 days 00:00:13.403641247
	- TIGRESS:	0 days 00:01:37.269022586
	- KBOOST:	0 days 00:00:00.624645274
	- MEOMI:	0 days 00:01:47.096612374
	- NARROMI:	0 days 00:00:10.027209078
	- CMI2NI:	0 days 00:01:00.235397317
	- RSNET:	0 days 00:00:09.754979483
	- PCACMI:	0 days 00:00:14.397881592
	- LOCPCACMI:	0 days 00:02:04.415946951
	- PLSNET:	0 days 00:00:59.882560045
	- PIDC:	0 days 00:00:11.810607214
	- PUC:	0 days 00:00:13.814381382
	- GRNVBEM:	0 days 00:03:05.671131045
	- LEAP:	0 days 00:00:00.490085311
	- NONLINEARODES:	0 days 00:00:16.805470624
	- INFERELATOR:	0 days 00:10:53.733436511

