Infer gene regulatory network with available techniques: 
	- ARACNE:	0 days 00:00:00.275175369
	- BC3NET:	0 days 00:00:04.710176568
	- C3NET:	0 days 00:00:00.349395629
	- CLR:	0 days 00:00:00.263666379
	- GENIE3_RF:	0 days 00:00:14.219785708
	- GRNBOOST2:	0 days 00:00:03.777040580
	- GENIE3_ET:	0 days 00:00:11.818859405
	- MRNET:	0 days 00:00:00.553734943
	- MRNETB:	0 days 00:00:00.275973306
	- PCIT:	0 days 00:00:14.241837841
	- TIGRESS:	0 days 00:00:15.655435435
	- KBOOST:	0 days 00:00:00.292533553
	- MEOMI:	0 days 00:00:09.265066627
	- JUMP3:	0 days 00:00:35.802968794
	- NARROMI:	0 days 00:00:11.134727226
	- CMI2NI:	0 days 00:00:07.131783516
	- RSNET:	0 days 00:00:12.945821788
	- PCACMI:	0 days 00:00:06.652261248
	- LOCPCACMI:	0 days 00:00:06.523773742
	- PLSNET:	0 days 00:00:09.395906437
	- PIDC:	0 days 00:00:09.675896553
	- PUC:	0 days 00:00:09.818371329
	- GRNVBEM:	0 days 00:00:07.022533170
	- LEAP:	0 days 00:00:00.297252986
	- NONLINEARODES:	0 days 00:00:01.557185937
	- INFERELATOR:	0 days 00:08:31.386572346

