Infer gene regulatory network with available techniques: 
	- ARACNE:	0 days 00:00:33.318187346
	- BC3NET:	0 days 01:31:12.096715086
	- C3NET:	0 days 00:01:02.769209806
	- CLR:	0 days 00:00:19.747315973
	- MRNET:	0 days 00:00:35.539052932
	- MRNETB:	0 days 00:01:31.158676987
	- PCIT:	0 days 00:10:28.231815679
	- KBOOST:	0 days 00:25:27.939635547
	- NARROMI:	0 days 01:13:58.769279517
	- RSNET:	0 days 00:36:56.827288737
	- LEAP:	0 days 00:04:01.997891178

