Infer gene regulatory network with available techniques: 
	- ARACNE:	0 days 00:00:00.419521910
	- BC3NET:	0 days 00:01:12.200428049
	- C3NET:	0 days 00:00:01.879690536
	- CLR:	0 days 00:00:00.432642003
	- GENIE3_RF:	0 days 00:05:04.364793898
	- GRNBOOST2:	0 days 00:00:13.465228142
	- GENIE3_ET:	0 days 00:03:07.165941574
	- MRNET:	0 days 00:00:00.441819959
	- MRNETB:	0 days 00:00:00.498294857
	- PCIT:	0 days 00:00:09.918520916
	- KBOOST:	0 days 00:00:12.914818387
	- MEOMI:	0 days 00:04:40.054448668
	- NARROMI:	0 days 00:00:11.017092074
	- RSNET:	0 days 00:00:11.159476201
	- PCACMI:	0 days 00:00:06.932087792
	- PLSNET:	0 days 00:04:03.759589374
	- PIDC:	0 days 00:00:11.335426843
	- PUC:	0 days 00:00:10.596692575
	- LEAP:	0 days 00:00:06.729063993
	- INFERELATOR:	0 days 00:08:57.334342777

