Infer gene regulatory network with available techniques: 
	- ARACNE:	0 days 00:00:00.269658224
	- BC3NET:	0 days 00:00:21.052651975
	- C3NET:	0 days 00:00:00.360090818
	- CLR:	0 days 00:00:00.264132720
	- GENIE3_RF:	0 days 00:00:09.005628358
	- GRNBOOST2:	0 days 00:00:03.931624068
	- GENIE3_ET:	0 days 00:00:07.970857344
	- MRNET:	0 days 00:00:00.549235428
	- MRNETB:	0 days 00:00:00.274732106
	- PCIT:	0 days 00:00:14.516354834
	- TIGRESS:	0 days 00:00:08.216796153
	- KBOOST:	0 days 00:00:00.331444610
	- MEOMI:	0 days 00:00:14.803915057
	- JUMP3:	0 days 00:00:56.655124234
	- NARROMI:	0 days 00:00:10.536537403
	- CMI2NI:	0 days 00:00:06.027418490
	- RSNET:	0 days 00:00:13.139762247
	- PCACMI:	0 days 00:00:06.337221731
	- LOCPCACMI:	0 days 00:00:07.359271999
	- PLSNET:	0 days 00:00:08.657243321
	- PIDC:	0 days 00:00:14.179576644
	- PUC:	0 days 00:00:09.385810246
	- GRNVBEM:	0 days 00:00:06.410147325
	- LEAP:	0 days 00:00:00.378179431
	- NONLINEARODES:	0 days 00:00:01.330636333
	- INFERELATOR:	0 days 00:06:59.722012742

