Infer gene regulatory network with available techniques: 
	- ARACNE:	0 days 00:00:00.316903833
	- BC3NET:	0 days 00:00:09.885566904
	- C3NET:	0 days 00:00:00.653206807
	- CLR:	0 days 00:00:00.306557754
	- GENIE3_RF:	0 days 00:01:18.560320893
	- GRNBOOST2:	0 days 00:00:15.140441840
	- GENIE3_ET:	0 days 00:00:45.006926578
	- MRNET:	0 days 00:00:00.305360273
	- MRNETB:	0 days 00:00:00.676902576
	- PCIT:	0 days 00:00:12.604008263
	- TIGRESS:	0 days 00:00:57.730747377
	- KBOOST:	0 days 00:00:01.968574437
	- MEOMI:	0 days 00:01:02.065701781
	- NARROMI:	0 days 00:00:11.585189743
	- CMI2NI:	0 days 00:00:07.493565251
	- RSNET:	0 days 00:00:11.268372273
	- PCACMI:	0 days 00:00:07.255811940
	- LOCPCACMI:	0 days 00:00:10.203547837
	- PLSNET:	0 days 00:00:32.331033389
	- PIDC:	0 days 00:00:10.828157319
	- PUC:	0 days 00:00:13.980342406
	- GRNVBEM:	0 days 00:01:06.170256382
	- LEAP:	0 days 00:00:03.537002426
	- NONLINEARODES:	0 days 00:00:20.203874162
	- INFERELATOR:	0 days 00:08:29.119167533

