Infer gene regulatory network with available techniques: 
	- ARACNE:	0 days 00:00:00.405164546
	- BC3NET:	0 days 00:00:31.142399336
	- C3NET:	0 days 00:00:01.586853637
	- CLR:	0 days 00:00:00.421513776
	- GENIE3_RF:	0 days 00:06:26.698609097
	- GRNBOOST2:	0 days 00:01:18.342745372
	- GENIE3_ET:	0 days 00:02:36.062565214
	- MRNET:	0 days 00:00:00.432534908
	- MRNETB:	0 days 00:00:00.881022942
	- PCIT:	0 days 00:00:14.220068332
	- TIGRESS:	0 days 00:03:48.023037269
	- KBOOST:	0 days 00:00:18.998655633
	- MEOMI:	0 days 00:30:19.451621457
	- NARROMI:	0 days 00:00:58.288436879
	- CMI2NI:	0 days 00:05:30.236339983
	- RSNET:	0 days 00:00:39.574651288
	- PCACMI:	0 days 00:01:34.889853015
	- LOCPCACMI:	0 days 00:36:38.877955940
	- PLSNET:	0 days 00:02:51.460625097
	- PIDC:	0 days 00:00:14.074198052
	- PUC:	0 days 00:00:17.896884845
	- GRNVBEM:	0 days 00:16:33.343119218
	- LEAP:	0 days 00:00:15.013693604
	- NONLINEARODES:	0 days 00:03:35.902914005
	- INFERELATOR:	0 days 00:12:14.509562003

