Infer gene regulatory network with available techniques: 
	- ARACNE:	0 days 00:00:00.457740783
	- BC3NET:	0 days 00:00:27.351234163
	- C3NET:	0 days 00:00:00.926538240
	- CLR:	0 days 00:00:00.354804302
	- GENIE3_RF:	0 days 00:01:47.812390276
	- GRNBOOST2:	0 days 00:00:07.133033177
	- GENIE3_ET:	0 days 00:01:20.706299508
	- MRNET:	0 days 00:00:00.338854283
	- MRNETB:	0 days 00:00:00.383778288
	- PCIT:	0 days 00:00:09.270395493
	- KBOOST:	0 days 00:00:03.037962847
	- MEOMI:	0 days 00:02:09.057233162
	- NARROMI:	0 days 00:00:08.854790326
	- RSNET:	0 days 00:00:08.927335757
	- PCACMI:	0 days 00:00:06.473058164
	- PLSNET:	0 days 00:02:01.212760483
	- PIDC:	0 days 00:00:08.048755421
	- PUC:	0 days 00:00:07.544947665
	- LEAP:	0 days 00:00:02.619101535
	- INFERELATOR:	0 days 00:04:54.136516077

