Infer gene regulatory network with available techniques: 
	- ARACNE:	0 days 00:00:00.270637937
	- BC3NET:	0 days 00:00:04.616474826
	- C3NET:	0 days 00:00:00.356671234
	- CLR:	0 days 00:00:00.268213893
	- GENIE3_RF:	0 days 00:00:14.123873527
	- GRNBOOST2:	0 days 00:00:03.554798315
	- GENIE3_ET:	0 days 00:00:12.011887595
	- MRNET:	0 days 00:00:00.549630828
	- MRNETB:	0 days 00:00:00.273107375
	- PCIT:	0 days 00:00:12.928894249
	- TIGRESS:	0 days 00:00:15.617895573
	- KBOOST:	0 days 00:00:00.312135409
	- MEOMI:	0 days 00:00:08.556090228
	- JUMP3:	0 days 00:00:27.451265194
	- NARROMI:	0 days 00:00:10.838469223
	- CMI2NI:	0 days 00:00:06.196416452
	- RSNET:	0 days 00:00:11.532110231
	- PCACMI:	0 days 00:00:06.321797617
	- LOCPCACMI:	0 days 00:00:07.487664984
	- PLSNET:	0 days 00:00:08.963519095
	- PIDC:	0 days 00:00:09.177071372
	- PUC:	0 days 00:00:09.561749799
	- GRNVBEM:	0 days 00:00:07.080322450
	- LEAP:	0 days 00:00:00.294041876
	- NONLINEARODES:	0 days 00:00:01.409330404
	- INFERELATOR:	0 days 00:08:23.480820966

