Infer gene regulatory network with available techniques: 
	- ARACNE:	0 days 00:00:00.425932295
	- BC3NET:	0 days 00:00:31.363025497
	- C3NET:	0 days 00:00:01.647360782
	- CLR:	0 days 00:00:00.434192793
	- GENIE3_RF:	0 days 00:06:26.462313258
	- GRNBOOST2:	0 days 00:01:11.645958704
	- GENIE3_ET:	0 days 00:02:35.300617533
	- MRNET:	0 days 00:00:00.428061076
	- MRNETB:	0 days 00:00:00.879210951
	- PCIT:	0 days 00:00:13.772585779
	- TIGRESS:	0 days 00:03:45.975876372
	- KBOOST:	0 days 00:00:18.730640721
	- MEOMI:	0 days 00:06:07.612221066
	- NARROMI:	0 days 00:01:02.372906070
	- CMI2NI:	0 days 00:09:04.909615976
	- RSNET:	0 days 00:00:44.530931127
	- PCACMI:	0 days 00:02:24.335198139
	- LOCPCACMI:	0 days 01:00:15.889458304
	- PLSNET:	0 days 00:02:25.384609161
	- PIDC:	0 days 00:00:13.751248489
	- PUC:	0 days 00:00:17.898135923
	- GRNVBEM:	0 days 00:18:36.829880953
	- LEAP:	0 days 00:00:15.208415755
	- NONLINEARODES:	0 days 00:03:33.650036803
	- INFERELATOR:	0 days 00:07:22.756898495

