Infer gene regulatory network with available techniques: 
	- ARACNE:	0 days 00:00:00.312386913
	- BC3NET:	0 days 00:00:09.284582625
	- C3NET:	0 days 00:00:00.640654637
	- CLR:	0 days 00:00:00.307177246
	- GENIE3_RF:	0 days 00:01:23.519525729
	- GRNBOOST2:	0 days 00:00:14.397556227
	- GENIE3_ET:	0 days 00:00:47.083302506
	- MRNET:	0 days 00:00:00.314444655
	- MRNETB:	0 days 00:00:00.627885547
	- PCIT:	0 days 00:00:12.442575261
	- TIGRESS:	0 days 00:00:57.032246954
	- KBOOST:	0 days 00:00:02.072914713
	- MEOMI:	0 days 00:01:10.792025053
	- NARROMI:	0 days 00:00:12.394905974
	- CMI2NI:	0 days 00:00:12.850087163
	- RSNET:	0 days 00:00:11.090379722
	- PCACMI:	0 days 00:00:08.337626627
	- LOCPCACMI:	0 days 00:00:17.643467327
	- PLSNET:	0 days 00:00:38.927595224
	- PIDC:	0 days 00:00:10.609072241
	- PUC:	0 days 00:00:14.203423332
	- GRNVBEM:	0 days 00:01:07.276422576
	- LEAP:	0 days 00:00:03.479865488
	- NONLINEARODES:	0 days 00:00:20.091467224
	- INFERELATOR:	0 days 00:08:23.937887098

