Infer gene regulatory network with available techniques: 
	- ARACNE:	0 days 00:00:00.283621947
	- BC3NET:	0 days 00:00:10.362999747
	- C3NET:	0 days 00:00:00.369196212
	- CLR:	0 days 00:00:00.273171638
	- GENIE3_RF:	0 days 00:00:10.602584729
	- GRNBOOST2:	0 days 00:00:03.339288366
	- GENIE3_ET:	0 days 00:00:09.050579785
	- MRNET:	0 days 00:00:00.552325032
	- MRNETB:	0 days 00:00:00.273668169
	- PCIT:	0 days 00:00:15.133484043
	- TIGRESS:	0 days 00:00:10.147575607
	- KBOOST:	0 days 00:00:00.305268096
	- MEOMI:	0 days 00:00:11.478012450
	- JUMP3:	0 days 00:00:22.000161204
	- NARROMI:	0 days 00:00:11.383126989
	- CMI2NI:	0 days 00:00:06.032794147
	- RSNET:	0 days 00:00:13.587321798
	- PCACMI:	0 days 00:00:06.426407662
	- LOCPCACMI:	0 days 00:00:07.510408165
	- PLSNET:	0 days 00:00:09.138227931
	- PIDC:	0 days 00:00:11.467067090
	- PUC:	0 days 00:00:10.319652858
	- GRNVBEM:	0 days 00:00:06.871888770
	- LEAP:	0 days 00:00:00.319244567
	- NONLINEARODES:	0 days 00:00:01.289080230
	- INFERELATOR:	0 days 00:07:42.665680457

