Infer gene regulatory network with available techniques: 
	- ARACNE:	0 days 00:00:01.958046840
	- BC3NET:	0 days 00:04:28.973817131
	- C3NET:	0 days 00:00:12.471077160
	- CLR:	0 days 00:00:02.008957676
	- MRNET:	0 days 00:00:02.291011213
	- MRNETB:	0 days 00:00:02.896949498
	- PCIT:	0 days 00:00:15.183451460
	- KBOOST:	0 days 00:02:33.153058662
	- NARROMI:	0 days 00:00:29.650316763
	- RSNET:	0 days 00:00:22.578102989
	- PIDC:	0 days 00:00:59.118563762
	- PUC:	0 days 00:00:54.657997402
	- LEAP:	0 days 00:00:45.581060085

