Infer gene regulatory network with available techniques: 
	- ARACNE:	0 days 00:00:08.178284406
	- BC3NET:	0 days 00:23:30.030825427
	- C3NET:	0 days 00:00:32.195606768
	- CLR:	0 days 00:00:07.685630388
	- MRNET:	0 days 00:00:08.475058532
	- MRNETB:	0 days 00:00:13.079340781
	- PCIT:	0 days 00:00:52.741367142
	- KBOOST:	0 days 00:23:57.261248710
	- NARROMI:	0 days 00:01:53.621958179
	- RSNET:	0 days 00:01:18.147127323
	- PIDC:	0 days 00:06:23.942825789
	- PUC:	0 days 00:06:12.204701854
	- LEAP:	0 days 00:03:36.093995313

