Infer gene regulatory network with available techniques: 
	- ARACNE:	0 days 00:00:00.286510601
	- BC3NET:	0 days 00:00:07.017671040
	- C3NET:	0 days 00:00:00.494554595
	- CLR:	0 days 00:00:00.302925453
	- GENIE3_RF:	0 days 00:01:10.766733868
	- GRNBOOST2:	0 days 00:00:10.821934736
	- GENIE3_ET:	0 days 00:00:53.808528476
	- MRNET:	0 days 00:00:00.298613998
	- MRNETB:	0 days 00:00:00.611243700
	- PCIT:	0 days 00:00:12.775044365
	- TIGRESS:	0 days 00:01:36.381664036
	- KBOOST:	0 days 00:00:00.606159308
	- MEOMI:	0 days 00:01:42.331727943
	- NARROMI:	0 days 00:00:10.291881047
	- CMI2NI:	0 days 00:00:54.703917255
	- RSNET:	0 days 00:00:09.732768325
	- PCACMI:	0 days 00:00:14.258668468
	- LOCPCACMI:	0 days 00:01:03.986368329
	- PLSNET:	0 days 00:00:55.467345727
	- PIDC:	0 days 00:00:11.170391618
	- PUC:	0 days 00:00:13.817506089
	- GRNVBEM:	0 days 00:03:09.155647132
	- LEAP:	0 days 00:00:00.454913914
	- NONLINEARODES:	0 days 00:00:16.785214650
	- INFERELATOR:	0 days 00:06:05.267613841

