Infer gene regulatory network with available techniques: 
	- ARACNE:	0 days 00:00:00.271980454
	- BC3NET:	0 days 00:00:03.776249592
	- C3NET:	0 days 00:00:00.400836847
	- CLR:	0 days 00:00:00.231699036
	- GENIE3_RF:	0 days 00:00:31.953046939
	- GRNBOOST2:	0 days 00:00:05.735683336
	- GENIE3_ET:	0 days 00:00:25.535322485
	- MRNET:	0 days 00:00:00.297145854
	- MRNETB:	0 days 00:00:00.275287447
	- PCIT:	0 days 00:00:12.921881228
	- TIGRESS:	0 days 00:00:41.162340483
	- KBOOST:	0 days 00:00:00.380002781
	- MEOMI:	0 days 00:00:24.765372705
	- NARROMI:	0 days 00:00:08.394129266
	- CMI2NI:	0 days 00:01:23.721059616
	- RSNET:	0 days 00:00:08.445447955
	- PCACMI:	0 days 00:00:13.717999966
	- LOCPCACMI:	0 days 00:00:28.027660339
	- PLSNET:	0 days 00:00:14.655596769
	- PIDC:	0 days 00:00:11.011288278
	- PUC:	0 days 00:00:13.278223361
	- GRNVBEM:	0 days 00:00:13.447054766
	- LEAP:	0 days 00:00:00.370427916
	- NONLINEARODES:	0 days 00:00:03.726432755
	- INFERELATOR:	0 days 00:03:10.990860986

