Infer gene regulatory network with available techniques: 
	- ARACNE:	0 days 00:00:00.364028594
	- BC3NET:	0 days 00:00:34.957765079
	- C3NET:	0 days 00:00:01.104763437
	- CLR:	0 days 00:00:00.350401598
	- GENIE3_RF:	0 days 00:02:06.779696920
	- GRNBOOST2:	0 days 00:00:09.282123188
	- GENIE3_ET:	0 days 00:01:34.342857909
	- MRNET:	0 days 00:00:00.361728965
	- MRNETB:	0 days 00:00:00.383981202
	- PCIT:	0 days 00:00:09.222536794
	- KBOOST:	0 days 00:00:04.060554574
	- MEOMI:	0 days 00:02:44.259249386
	- NARROMI:	0 days 00:00:09.281727656
	- RSNET:	0 days 00:00:09.334358132
	- PCACMI:	0 days 00:00:06.627836716
	- PLSNET:	0 days 00:02:53.940469529
	- PIDC:	0 days 00:00:08.625117607
	- PUC:	0 days 00:00:07.920806677
	- LEAP:	0 days 00:00:03.080668392
	- INFERELATOR:	0 days 00:05:27.614945464

