Infer gene regulatory network with available techniques: 
	- ARACNE:	0 days 00:00:00.331646832
	- BC3NET:	0 days 00:00:36.386103782
	- C3NET:	0 days 00:00:00.888937206
	- CLR:	0 days 00:00:00.329575942
	- GENIE3_RF:	0 days 00:01:50.850185425
	- GRNBOOST2:	0 days 00:00:20.544020184
	- GENIE3_ET:	0 days 00:01:36.546712508
	- MRNET:	0 days 00:00:00.362008998
	- MRNETB:	0 days 00:00:00.424826017
	- PCIT:	0 days 00:00:09.353281265
	- KBOOST:	0 days 00:00:02.101561572
	- MEOMI:	0 days 00:05:24.142787305
	- NARROMI:	0 days 00:00:15.256931001
	- RSNET:	0 days 00:00:13.728898606
	- PCACMI:	0 days 00:00:08.797533902
	- PLSNET:	0 days 00:02:57.677181921
	- PIDC:	0 days 00:00:10.423586947
	- PUC:	0 days 00:00:08.873730789
	- LEAP:	0 days 00:00:01.063054373
	- INFERELATOR:	0 days 00:08:17.012607401

