Infer gene regulatory network with available techniques: 
	- ARACNE:	0 days 00:00:00.278494426
	- BC3NET:	0 days 00:00:04.652237409
	- C3NET:	0 days 00:00:00.396218348
	- CLR:	0 days 00:00:00.267331318
	- GENIE3_RF:	0 days 00:00:32.020239984
	- GRNBOOST2:	0 days 00:00:05.125293541
	- GENIE3_ET:	0 days 00:00:25.916047418
	- MRNET:	0 days 00:00:00.281438517
	- MRNETB:	0 days 00:00:00.548372700
	- PCIT:	0 days 00:00:12.181000388
	- TIGRESS:	0 days 00:00:41.869920724
	- KBOOST:	0 days 00:00:00.353215723
	- MEOMI:	0 days 00:00:37.319326792
	- NARROMI:	0 days 00:00:08.470306980
	- CMI2NI:	0 days 00:00:35.423632585
	- RSNET:	0 days 00:00:08.486356590
	- PCACMI:	0 days 00:00:10.333123979
	- LOCPCACMI:	0 days 00:00:16.428741681
	- PLSNET:	0 days 00:00:14.036181687
	- PIDC:	0 days 00:00:10.223968652
	- PUC:	0 days 00:00:13.449243267
	- GRNVBEM:	0 days 00:00:11.993484766
	- LEAP:	0 days 00:00:00.332436026
	- NONLINEARODES:	0 days 00:00:03.709570129
	- INFERELATOR:	0 days 00:07:57.575056424

