Infer gene regulatory network with available techniques: 
	- ARACNE:	0 days 00:00:00.263666850
	- BC3NET:	0 days 00:00:05.256841252
	- C3NET:	0 days 00:00:00.370627113
	- CLR:	0 days 00:00:00.289617052
	- GENIE3_RF:	0 days 00:00:14.367171889
	- GRNBOOST2:	0 days 00:00:03.550655559
	- GENIE3_ET:	0 days 00:00:11.685796678
	- MRNET:	0 days 00:00:00.552258504
	- MRNETB:	0 days 00:00:00.270629294
	- PCIT:	0 days 00:00:13.687212325
	- TIGRESS:	0 days 00:00:15.190359571
	- KBOOST:	0 days 00:00:00.315695287
	- MEOMI:	0 days 00:00:08.740177302
	- JUMP3:	0 days 00:00:40.220347267
	- NARROMI:	0 days 00:00:10.765711101
	- CMI2NI:	0 days 00:00:05.902926058
	- RSNET:	0 days 00:00:12.259288839
	- PCACMI:	0 days 00:00:06.337294182
	- LOCPCACMI:	0 days 00:00:07.392053309
	- PLSNET:	0 days 00:00:09.056038946
	- PIDC:	0 days 00:00:09.447997035
	- PUC:	0 days 00:00:09.683357403
	- GRNVBEM:	0 days 00:00:08.265255129
	- LEAP:	0 days 00:00:00.334063709
	- NONLINEARODES:	0 days 00:00:01.687412512
	- INFERELATOR:	0 days 00:08:03.745006504

