Infer gene regulatory network with available techniques: 
	- ARACNE:	0 days 00:00:00.271479225
	- BC3NET:	0 days 00:00:04.712049301
	- C3NET:	0 days 00:00:00.359561116
	- CLR:	0 days 00:00:00.267814940
	- GENIE3_RF:	0 days 00:00:14.041177725
	- GRNBOOST2:	0 days 00:00:03.778576926
	- GENIE3_ET:	0 days 00:00:11.790860869
	- MRNET:	0 days 00:00:00.543097623
	- MRNETB:	0 days 00:00:00.278637344
	- PCIT:	0 days 00:00:13.685660680
	- TIGRESS:	0 days 00:00:15.745571763
	- KBOOST:	0 days 00:00:00.310034111
	- MEOMI:	0 days 00:00:13.229244009
	- JUMP3:	0 days 00:00:34.108144055
	- NARROMI:	0 days 00:00:11.407343289
	- CMI2NI:	0 days 00:00:47.183412497
	- RSNET:	0 days 00:00:12.333136129
	- PCACMI:	0 days 00:00:10.325993085
	- LOCPCACMI:	0 days 00:00:08.048138646
	- PLSNET:	0 days 00:00:09.144445381
	- PIDC:	0 days 00:00:11.611199865
	- PUC:	0 days 00:00:10.088271559
	- GRNVBEM:	0 days 00:00:05.349148126
	- LEAP:	0 days 00:00:00.281157427
	- NONLINEARODES:	0 days 00:00:01.568585807
	- INFERELATOR:	0 days 00:08:34.809856338

