Infer gene regulatory network with available techniques: 
	- ARACNE:	0 days 00:00:00.291650604
	- BC3NET:	0 days 00:00:07.208956871
	- C3NET:	0 days 00:00:00.493835272
	- CLR:	0 days 00:00:00.292506600
	- GENIE3_RF:	0 days 00:01:11.070969537
	- GRNBOOST2:	0 days 00:00:10.103483703
	- GENIE3_ET:	0 days 00:00:53.604709441
	- MRNET:	0 days 00:00:00.299703825
	- MRNETB:	0 days 00:00:00.593214986
	- PCIT:	0 days 00:00:13.032021522
	- TIGRESS:	0 days 00:01:36.178562517
	- KBOOST:	0 days 00:00:00.619673677
	- MEOMI:	0 days 00:01:09.007381881
	- NARROMI:	0 days 00:00:09.761039667
	- CMI2NI:	0 days 00:00:07.964573041
	- RSNET:	0 days 00:00:09.448228495
	- PCACMI:	0 days 00:00:05.861180089
	- LOCPCACMI:	0 days 00:00:11.566555307
	- PLSNET:	0 days 00:00:50.758152406
	- PIDC:	0 days 00:00:11.550043793
	- PUC:	0 days 00:00:13.798067889
	- GRNVBEM:	0 days 00:03:38.612587286
	- LEAP:	0 days 00:00:00.474943827
	- NONLINEARODES:	0 days 00:00:16.999617614
	- INFERELATOR:	0 days 00:10:36.422957843

