Infer gene regulatory network with available techniques: 
	- ARACNE:	0 days 00:00:00.283575276
	- BC3NET:	0 days 00:00:20.930135126
	- C3NET:	0 days 00:00:00.366495744
	- CLR:	0 days 00:00:00.287682363
	- GENIE3_RF:	0 days 00:00:09.495499320
	- GRNBOOST2:	0 days 00:00:03.835369896
	- GENIE3_ET:	0 days 00:00:07.673806842
	- MRNET:	0 days 00:00:00.708723797
	- MRNETB:	0 days 00:00:00.274837384
	- PCIT:	0 days 00:00:14.429618416
	- TIGRESS:	0 days 00:00:08.135106118
	- KBOOST:	0 days 00:00:00.325788855
	- MEOMI:	0 days 00:00:15.437816546
	- JUMP3:	0 days 00:00:44.462750344
	- NARROMI:	0 days 00:00:10.073888638
	- CMI2NI:	0 days 00:00:05.976235751
	- RSNET:	0 days 00:00:12.917481274
	- PCACMI:	0 days 00:00:06.278139284
	- LOCPCACMI:	0 days 00:00:07.324881777
	- PLSNET:	0 days 00:00:07.050582937
	- PIDC:	0 days 00:00:14.323814401
	- PUC:	0 days 00:00:08.994672057
	- GRNVBEM:	0 days 00:00:06.806397585
	- LEAP:	0 days 00:00:00.377520331
	- NONLINEARODES:	0 days 00:00:01.296901532
	- INFERELATOR:	0 days 00:07:01.696838116

