Infer gene regulatory network with available techniques: 
	- ARACNE:	0 days 00:00:00.299006700
	- BC3NET:	0 days 00:00:06.995514859
	- C3NET:	0 days 00:00:00.519396278
	- CLR:	0 days 00:00:00.292877237
	- GENIE3_RF:	0 days 00:00:55.494547936
	- GRNBOOST2:	0 days 00:00:05.107201555
	- GENIE3_ET:	0 days 00:00:40.230128937
	- MRNET:	0 days 00:00:00.309864162
	- MRNETB:	0 days 00:00:00.592891393
	- PCIT:	0 days 00:00:13.531244891
	- TIGRESS:	0 days 00:01:01.279923120
	- KBOOST:	0 days 00:00:00.682645088
	- MEOMI:	0 days 00:01:05.760867331
	- NARROMI:	0 days 00:00:08.347984465
	- CMI2NI:	0 days 00:00:05.085639879
	- RSNET:	0 days 00:00:08.219045897
	- PCACMI:	0 days 00:00:05.590641323
	- LOCPCACMI:	0 days 00:00:07.830612705
	- PLSNET:	0 days 00:00:22.427022340
	- PIDC:	0 days 00:00:11.554013805
	- PUC:	0 days 00:00:13.672956646
	- GRNVBEM:	0 days 00:01:53.119564070
	- LEAP:	0 days 00:00:00.772565777
	- NONLINEARODES:	0 days 00:00:12.802569210
	- INFERELATOR:	0 days 00:08:44.107935790

