Infer gene regulatory network with available techniques: 
	- ARACNE:	0 days 00:00:00.408417378
	- BC3NET:	0 days 00:00:31.356094878
	- C3NET:	0 days 00:00:01.520505293
	- CLR:	0 days 00:00:00.426630748
	- GENIE3_RF:	0 days 00:06:22.391375433
	- GRNBOOST2:	0 days 00:01:18.332397467
	- GENIE3_ET:	0 days 00:02:34.177514627
	- MRNET:	0 days 00:00:00.471637655
	- MRNETB:	0 days 00:00:00.864175589
	- PCIT:	0 days 00:00:14.195126060
	- TIGRESS:	0 days 00:03:46.290471058
	- KBOOST:	0 days 00:00:19.034894700
	- MEOMI:	0 days 00:06:53.711727657
	- NARROMI:	0 days 00:01:03.186478306
	- CMI2NI:	0 days 00:07:58.407997804
	- RSNET:	0 days 00:00:41.840271952
	- PCACMI:	0 days 00:02:13.305987233
	- LOCPCACMI:	0 days 00:43:55.605078166
	- PLSNET:	0 days 00:02:25.227988609
	- PIDC:	0 days 00:00:14.138355466
	- PUC:	0 days 00:00:18.354075464
	- GRNVBEM:	0 days 00:18:08.207027781
	- LEAP:	0 days 00:00:14.931271294
	- NONLINEARODES:	0 days 00:03:34.615194798
	- INFERELATOR:	0 days 00:07:18.905122994

