Infer gene regulatory network with available techniques: 
	- ARACNE:	0 days 00:00:00.312930364
	- BC3NET:	0 days 00:00:09.427994837
	- C3NET:	0 days 00:00:00.688090847
	- CLR:	0 days 00:00:00.309365306
	- GENIE3_RF:	0 days 00:01:25.322912243
	- GRNBOOST2:	0 days 00:00:13.541468908
	- GENIE3_ET:	0 days 00:00:47.047696721
	- MRNET:	0 days 00:00:00.303222422
	- MRNETB:	0 days 00:00:00.633109633
	- PCIT:	0 days 00:00:12.970583592
	- TIGRESS:	0 days 00:00:57.242597526
	- KBOOST:	0 days 00:00:02.186172363
	- MEOMI:	0 days 00:01:41.355738604
	- NARROMI:	0 days 00:00:12.649966800
	- CMI2NI:	0 days 00:00:26.294114466
	- RSNET:	0 days 00:00:11.511887426
	- PCACMI:	0 days 00:00:08.358084554
	- LOCPCACMI:	0 days 00:00:24.627877714
	- PLSNET:	0 days 00:00:31.977933396
	- PIDC:	0 days 00:00:11.114177386
	- PUC:	0 days 00:00:13.971878970
	- GRNVBEM:	0 days 00:01:21.708047125
	- LEAP:	0 days 00:00:03.472496687
	- NONLINEARODES:	0 days 00:00:20.152836659
	- INFERELATOR:	0 days 00:08:29.513251061

