Infer gene regulatory network with available techniques: 
	- ARACNE:	0 days 00:00:00.411904238
	- BC3NET:	0 days 00:00:32.413670945
	- C3NET:	0 days 00:00:01.511749302
	- CLR:	0 days 00:00:00.411876390
	- GENIE3_RF:	0 days 00:06:43.767245255
	- GRNBOOST2:	0 days 00:01:15.434223813
	- GENIE3_ET:	0 days 00:02:36.353053718
	- MRNET:	0 days 00:00:00.462039019
	- MRNETB:	0 days 00:00:00.889253344
	- PCIT:	0 days 00:00:13.865934763
	- TIGRESS:	0 days 00:03:44.659723008
	- KBOOST:	0 days 00:00:19.899006163
	- MEOMI:	0 days 00:16:58.642482452
	- NARROMI:	0 days 00:01:05.410069698
	- CMI2NI:	0 days 00:09:58.934567701
	- RSNET:	0 days 00:00:44.065525657
	- PCACMI:	0 days 00:02:42.709629223
	- LOCPCACMI:	0 days 00:53:35.279530424
	- PLSNET:	0 days 00:02:06.633407144
	- PIDC:	0 days 00:00:13.964123465
	- PUC:	0 days 00:00:18.141709686
	- GRNVBEM:	0 days 00:34:54.697189048
	- LEAP:	0 days 00:00:14.747537330
	- NONLINEARODES:	0 days 00:03:35.555083813
	- INFERELATOR:	0 days 00:07:28.352006678

