Infer gene regulatory network with available techniques: 
	- ARACNE:	0 days 00:00:00.301928932
	- BC3NET:	0 days 00:00:09.845331362
	- C3NET:	0 days 00:00:00.641037852
	- CLR:	0 days 00:00:00.306737360
	- GENIE3_RF:	0 days 00:01:25.531713550
	- GRNBOOST2:	0 days 00:00:13.516888427
	- GENIE3_ET:	0 days 00:00:46.269307221
	- MRNET:	0 days 00:00:00.336646385
	- MRNETB:	0 days 00:00:00.623118785
	- PCIT:	0 days 00:00:12.886557812
	- TIGRESS:	0 days 00:00:56.275880647
	- KBOOST:	0 days 00:00:02.179089948
	- MEOMI:	0 days 00:02:10.048549669
	- NARROMI:	0 days 00:00:11.969716324
	- CMI2NI:	0 days 00:00:10.544618379
	- RSNET:	0 days 00:00:11.507510139
	- PCACMI:	0 days 00:00:08.029874493
	- LOCPCACMI:	0 days 00:00:15.965155919
	- PLSNET:	0 days 00:00:30.346348270
	- PIDC:	0 days 00:00:11.087141792
	- PUC:	0 days 00:00:13.918856343
	- GRNVBEM:	0 days 00:01:14.998375863
	- LEAP:	0 days 00:00:03.507878354
	- NONLINEARODES:	0 days 00:00:20.381733541
	- INFERELATOR:	0 days 00:03:39.912545472

