Infer gene regulatory network with available techniques: 
	- ARACNE:	0 days 00:00:00.270844879
	- BC3NET:	0 days 00:00:40.211561152
	- C3NET:	0 days 00:00:00.358221830
	- CLR:	0 days 00:00:00.269826359
	- GENIE3_RF:	0 days 00:00:06.592567856
	- GRNBOOST2:	0 days 00:00:03.246534818
	- GENIE3_ET:	0 days 00:00:05.935658283
	- MRNET:	0 days 00:00:00.549908296
	- MRNETB:	0 days 00:00:00.272232585
	- PCIT:	0 days 00:00:14.448706951
	- TIGRESS:	0 days 00:00:04.396357248
	- KBOOST:	0 days 00:00:00.282197816
	- MEOMI:	0 days 00:00:12.631255493
	- JUMP3:	0 days 00:00:09.764463752
	- NARROMI:	0 days 00:00:09.679825102
	- CMI2NI:	0 days 00:00:05.873379790
	- RSNET:	0 days 00:00:12.810927700
	- PCACMI:	0 days 00:00:06.300429136
	- LOCPCACMI:	0 days 00:00:07.292734233
	- PLSNET:	0 days 00:00:06.573326805
	- PIDC:	0 days 00:00:16.347779516
	- PUC:	0 days 00:00:08.745226685
	- GRNVBEM:	0 days 00:00:06.228345916
	- LEAP:	0 days 00:00:00.294128301
	- NONLINEARODES:	0 days 00:00:01.184934169
	- INFERELATOR:	0 days 00:06:28.175622899

