Infer gene regulatory network with available techniques: 
	- ARACNE:	0 days 00:00:00.402312598
	- BC3NET:	0 days 00:00:31.970223655
	- C3NET:	0 days 00:00:01.559720449
	- CLR:	0 days 00:00:00.433251261
	- GENIE3_RF:	0 days 00:06:26.443014180
	- GRNBOOST2:	0 days 00:01:14.862678935
	- GENIE3_ET:	0 days 00:02:33.869912623
	- MRNET:	0 days 00:00:00.433010433
	- MRNETB:	0 days 00:00:00.849076742
	- PCIT:	0 days 00:00:14.149971402
	- TIGRESS:	0 days 00:03:43.958603390
	- KBOOST:	0 days 00:00:18.832437233
	- MEOMI:	0 days 00:25:26.649365937
	- NARROMI:	0 days 00:00:56.885271060
	- CMI2NI:	0 days 00:04:16.094107403
	- RSNET:	0 days 00:00:37.546023680
	- PCACMI:	0 days 00:01:38.187267120
	- LOCPCACMI:	0 days 00:38:28.149919027
	- PLSNET:	0 days 00:01:42.328299691
	- PIDC:	0 days 00:00:14.150741786
	- PUC:	0 days 00:00:18.064462763
	- GRNVBEM:	0 days 00:17:30.520359950
	- LEAP:	0 days 00:00:15.155479372
	- NONLINEARODES:	0 days 00:03:36.792663202
	- INFERELATOR:	0 days 00:12:08.488662364

