Infer gene regulatory network with available techniques: 
	- ARACNE:	0 days 00:00:00.288618501
	- BC3NET:	0 days 00:00:06.766747729
	- C3NET:	0 days 00:00:00.499815233
	- CLR:	0 days 00:00:00.326855463
	- GENIE3_RF:	0 days 00:01:10.323765797
	- GRNBOOST2:	0 days 00:00:10.733911299
	- GENIE3_ET:	0 days 00:00:53.431269347
	- MRNET:	0 days 00:00:00.295485309
	- MRNETB:	0 days 00:00:00.600566258
	- PCIT:	0 days 00:00:13.111011700
	- TIGRESS:	0 days 00:01:36.886779544
	- KBOOST:	0 days 00:00:00.642874141
	- MEOMI:	0 days 00:00:56.405702605
	- NARROMI:	0 days 00:00:09.690760242
	- CMI2NI:	0 days 00:00:08.070741303
	- RSNET:	0 days 00:00:10.540543749
	- PCACMI:	0 days 00:00:06.784763681
	- LOCPCACMI:	0 days 00:00:12.213407413
	- PLSNET:	0 days 00:00:54.963096099
	- PIDC:	0 days 00:00:11.473128239
	- PUC:	0 days 00:00:13.829822191
	- GRNVBEM:	0 days 00:03:35.855611112
	- LEAP:	0 days 00:00:00.519213365
	- NONLINEARODES:	0 days 00:00:16.710518997
	- INFERELATOR:	0 days 00:10:51.222628161

